001000000
001100011
001001000
001101011
010111111
001010000
001000001
000111010
010111001
001010001
000111011
001011000
001000001
000111010
001011001
000111010
011111000
000111011
011111010
000111101
010111001
001100000
001111001
000111001
001100001
000111001
001101000
001000001
010111011
000111011
001100000
001101001
000100100
001101000
001001001
010111000
000000101
001011001
010111101
000111111
101000000
010111000
001111001
001100000
000111101
001101000
000111101
110000001
010111000
000111111
101000010
001100001
001100000
000011001
011111001
001111001
001111000
000011101
001110000
001101001
000111010
001110001
001100000
000100100
001101000
001101001
000011001
110000011
010111000
001011000
001111001
000011101
010111001
001110000
000011001
001110001
000111101
000101011
001001000
010111000
000111101
011111001
001011001
000111111
101000100
000111101
010111000
001101000
001100001
000000101
001000000
010111001
010111001
000111101
001111001
000000001
001100000
001000001
010111000
000111101
010111001
001000000
000101011
001100000
001100001
000111101
000101011
001101000
001101001
000011010
010111000
001100001
001011000
000111101
001100000
001111001
000111101
110000101
110000110
001011001
001000000
010111001
000111101
001111001
000000001
001000001
001001000
000111101
001001001
000101011
001000001
001000000
000101011
001110000
001111001
000011001
001110001
000111101
000100011
011111001
001111001
001111000
000011101
001110000
001110001
000111001
001100000
001100001
000011010
001101000
001101001
000011010
000110100
001110000
010111000
001111001
000111101
001111001
010111000
000000110
100000111
001000001
001001000
000001100
001110000
010111001
001101001
000111011
001110001
001001000
000001100
001111001
010111000
000000110
100001000
011111011
001101001
000111110
100001001
010111001
001101000
001101000
110001010
110001010
010111001
001100000
001100001
001100001
001101000
001101001
001101001
001101001
001010001
010111000
000111110
100001011
001111001
001101000
000101101
001100000
000100101
001101001
000111110
100001100
110001101
110001101
011111011
001100000
001100001
000111101
001100001
001110100
001101001
001111100
001111101
